0 0 165 248.4 0
5 200.402 170 253.4 0
10 200.803 175 258.4 0
15 201.205 180 263.4 0
20 201.606 185 268.4 0
25 202.008 190 273.4 0
30 202.409 195 278.4 0
35 202.811 200 283.4 0
40 203.213 205 288.4 0
45 203.614 210 293.4 0
50 204.016 215 298.4 0
55 204.417 220 303.4 0
60 204.819 225 308.4 0
65 205.22 230 313.4 0
70 205.622 235 318.4 0
75 206.024 240 323.4 0
80 206.425 245 328.4 0
85 206.827 250 333.4 0
90 207.228 255 338.4 0
95 207.63 260 343.4 0
100 208.031 265 348.4 0
105 208.433 270 353.4 0
110 208.835 275 358.4 0
115 209.236 280 363.4 0
120 209.638 285 368.4 0
125 210.039 290 373.4 0
130 210.441 295 378.4 0
135 210.843 300 383.4 0
140 211.244 305 388.4 0
145 211.646 310 393.4 0
150 212.047 315 398.4 0
155 212.449 320 403.4 0
160 212.85 325 408.4 0
165 213.252 330 413.4 0
170 213.654 335 418.4 0
175 214.055 340 423.4 0
180 214.457 345 428.4 0
185 214.858 350 433.4 0
190 215.26 355 438.4 0
195 215.661 360 443.4 0
200 216.063 365 448.4 0
205 216.465 370 453.4 0
210 216.866 375 458.4 0
215 217.268 380 463.4 0
220 217.669 385 468.4 0
225 218.071 390 473.4 0
230 218.472 395 478.4 0
235 218.874 400 483.4 0
240 219.276 405 488.4 0
245 219.677 410 493.4 0
250 220.079 415 498.4 0
255 220.48 420 503.4 0
260 220.882 425 508.4 0
265 221.283 430 513.4 0
270 221.685 435 518.4 0
275 222.087 440 523.4 0
280 222.488 445 528.4 0
285 222.89 450 533.4 0
290 223.291 455 538.4 0
295 223.693 460 543.4 0
300 224.094 465 548.4 0
305 224.496 470 553.4 0
310 224.898 475 558.4 0
315 225.299 480 563.4 0
320 225.701 485 568.4 0
325 226.102 490 573.4 0
330 226.504 495 578.4 0
335 226.906 500 583.4 0
340 227.307 505 588.4 0
345 227.709 510 593.4 0
350 228.11 515 598.4 0
355 228.512 520 603.4 0
360 228.913 525 608.4 0
365 229.315 530 613.4 0
370 229.717 535 618.4 0
375 230.118 540 623.4 0
380 230.52 545 628.4 0
385 230.921 550 633.4 0
390 231.323 555 638.4 0
395 231.724 560 643.4 0
400 232.126 565 648.4 0
405 232.528 570 653.4 0
410 232.929 575 658.4 0
415 233.331 580 663.4 0
420 233.732 585 668.4 0
425 234.134 590 673.4 0
430 234.535 595 678.4 0
435 234.937 600 683.4 0
440 235.339 605 688.4 0
445 235.74 610 693.4 0
450 236.142 615 698.4 0
455 236.543 620 703.4 0
460 236.945 625 708.4 0
465 237.346 630 713.4 0
470 237.748 635 718.4 0
475 238.15 640 723.4 0
480 238.551 645 728.4 0
485 238.953 650 733.4 0
490 239.354 655 738.4 0
495 239.756 660 743.4 0
500 240.157 665 748.4 0
505 240.559 670 753.4 0
510 240.961 675 758.4 0
515 241.362 680 763.4 0
520 241.764 685 768.4 0
525 242.165 690 773.4 0
530 242.567 695 778.4 0
535 242.969 700 783.4 0
540 243.37 705 788.4 0
545 243.772 710 793.4 0
550 244.173 715 798.4 0
555 244.575 720 803.4 0
560 244.976 725 808.4 0
565 245.378 730 813.4 0
570 245.78 735 818.4 0
575 246.181 740 823.4 0
580 246.583 745 828.4 0
585 246.984 750 833.4 0
590 247.386 755 838.4 0
595 247.787 760 843.4 0
600 248.189 765 848.4 0
605 248.591 770 853.4 0
610 248.992 775 858.4 0
615 249.394 780 863.4 0
620 249.795 785 868.4 0
625 250.197 790 873.4 0
630 250.598 795 878.4 0
635 251 800 883.4 0
640 251.402 805 888.4 0
645 251.803 810 893.4 0
650 252.205 815 898.4 0
655 252.606 820 903.4 0
660 253.008 825 908.4 0
665 253.409 830 913.4 0
670 253.811 835 918.4 0
675 254.213 840 923.4 0
680 254.614 845 928.4 0
685 255.016 850 933.4 0
690 255.417 855 938.4 0
695 255.819 860 943.4 0
700 256.22 865 948.4 0
705 256.622 870 953.4 0
710 257.024 875 958.4 0
715 257.425 880 963.4 0
720 257.827 885 968.4 0
725 258.228 890 973.4 0
730 258.63 895 978.4 0
735 259.031 900 983.4 0
740 259.433 905 988.4 0
745 259.835 910 993.4 0
750 260.236 915 998.4 0
755 260.638 920 1003.4 0
760 261.039 925 1008.4 0
765 261.441 930 1013.4 0
770 261.843 935 1018.4 0
775 262.244 940 1023.4 0
780 262.646 945 1028.4 0
785 263.047 950 1033.4 0
790 263.449 955 1038.4 0
795 263.85 960 1043.4 0
800 264.252 965 1048.4 0
805 264.654 970 1053.4 0
810 265.055 975 1058.4 0
815 265.457 980 1063.4 0
820 265.858 985 1068.4 0
825 266.26 990 1073.4 0
830 266.661 995 1078.4 0
835 267.063 1000 1083.4 0
840 267.465 1005 1088.4 0
845 267.866 1010 1093.4 0
850 268.268 1015 1098.4 0
855 268.669 1020 1103.4 0
860 269.071 1025 1108.4 0
865 269.472 1030 1113.4 0
870 269.874 1035 1118.4 0
875 270.276 1040 1123.4 0
880 270.677 1045 1128.4 0
885 271.079 1050 1133.4 0
890 271.48 1055 1138.4 0
895 271.882 1060 1143.4 0
900 272.283 1065 1148.4 0
905 272.685 1070 1153.4 0
910 273.087 1075 1158.4 0
915 273.488 1080 1163.4 0
920 273.89 1085 1168.4 0
925 274.291 1090 1173.4 0
930 274.693 1095 1178.4 0
935 275.094 1100 1183.4 0
940 275.496 1105 1188.4 0
945 275.898 1110 1193.4 0
950 276.299 1115 1198.4 0
955 276.701 1120 1203.4 0
960 277.102 1125 1208.4 0
965 277.504 1130 1213.4 0
970 277.906 1135 1218.4 0
975 278.307 1140 1223.4 0
980 278.709 1145 1228.4 0
985 279.11 1150 1233.4 0
990 279.512 1155 1238.4 0
995 279.913 1160 1243.4 0
1000 280.315 1165 1248.4 0
1005 280.717 1170 1253.4 0
1010 281.118 1175 1258.4 0
1015 281.52 1180 1263.4 0
1020 281.921 1185 1268.4 0
1025 282.323 1190 1273.4 0
1030 282.724 1195 1278.4 0
1035 283.126 1200 1283.4 0
1040 283.528 1205 1288.4 0
1045 283.929 1210 1293.4 0
1050 284.331 1215 1298.4 0
1055 284.732 1220 1303.4 0
1060 285.134 1225 1308.4 0
1065 285.535 1230 1313.4 0
1070 285.937 1235 1318.4 0
1075 286.339 1240 1323.4 0
1080 286.74 1245 1328.4 0
1085 287.142 1250 1333.4 0
1090 287.543 1255 1338.4 0
1095 287.945 1260 1343.4 0
1100 288.346 1265 1348.4 0
1105 288.748 1270 1353.4 0
1110 289.15 1275 1358.4 0
1115 289.551 1280 1363.4 0
1120 289.953 1285 1368.4 0
1125 290.354 1290 1373.4 0
1130 290.756 1295 1378.4 0
1135 291.157 1300 1383.4 0
1140 291.559 1305 1388.4 0
1145 291.961 1310 1393.4 0
1150 292.362 1315 1398.4 0
1155 292.764 1320 1403.4 0
1160 293.165 1325 1408.4 0
1165 293.567 1330 1413.4 0
1170 293.969 1335 1418.4 0
1175 294.37 1340 1423.4 0
1180 294.772 1345 1428.4 0
1185 295.173 1350 1433.4 0
1190 295.575 1355 1438.4 0
1195 295.976 1360 1443.4 0
1200 296.378 1365 1448.4 0
1205 296.78 1370 1453.4 0
1210 297.181 1375 1458.4 0
1215 297.583 1380 1463.4 0
1220 297.984 1385 1468.4 0
1225 298.386 1390 1473.4 0
1230 298.787 1395 1478.4 0
1235 299.189 1400 1483.4 0
1240 299.591 1405 1488.4 0
1245 299.992 1410 1493.4 0
1250 300.394 1415 1498.4 0
1255 300.795 1420 1503.4 0
1260 301.197 1425 1508.4 0
1265 301.598 1430 1513.4 0
1270 302 1435 1518.4 0
