1270 222 -165 248.4 413.4
1265 221.25 -170 253.4 418.4
1260 220.5 -175 258.4 423.4
1255 219.75 -180 263.4 428.4
1250 219 -185 268.4 433.4
1245 218.25 -190 273.4 438.4
1240 217.5 -195 278.4 443.4
1235 216.75 -200 283.4 448.4
1230 216 -205 288.4 453.4
1225 215.25 -210 293.4 458.4
1220 214.5 -215 298.4 463.4
1215 213.75 -220 303.4 468.4
1210 213 -225 308.4 473.4
1205 212.25 -230 313.4 478.4
1200 211.5 -235 318.4 483.4
1195 210.75 -240 323.4 488.4
1190 210 -245 328.4 493.4
1185 209.25 -250 333.4 498.4
1180 208.5 -255 338.4 503.4
1175 207.75 -260 343.4 508.4
1170 207 -265 348.4 513.4
1165 206.25 -270 353.4 518.4
1160 205.5 -275 358.4 523.4
1155 204.75 -280 363.4 528.4
1150 204 -285 368.4 533.4
1145 203.25 -290 373.4 538.4
1140 202.5 -295 378.4 543.4
1135 201.75 -300 383.4 548.4
1130 201 -305 388.4 553.4
1125 200.25 -310 393.4 558.4
1120 199.5 -315 398.4 563.4
1115 198.75 -320 403.4 568.4
1110 198 -325 408.4 573.4
1105 197.25 -330 413.4 578.4
1100 196.5 -335 418.4 583.4
1095 195.75 -340 423.4 588.4
1090 195 -345 428.4 593.4
1085 194.25 -350 433.4 598.4
1080 193.5 -355 438.4 603.4
1075 192.75 -360 443.4 608.4
1070 192 -365 448.4 613.4
1065 191.25 -370 453.4 618.4
1060 190.5 -375 458.4 623.4
1055 189.75 -380 463.4 628.4
1050 189 -385 468.4 633.4
1045 188.25 -390 473.4 638.4
1040 187.5 -395 478.4 643.4
1035 186.75 -400 483.4 648.4
1030 186 -405 488.4 653.4
1025 185.25 -410 493.4 658.4
1020 184.5 -415 498.4 663.4
1015 183.75 -420 503.4 668.4
1010 183 -425 508.4 673.4
1005 182.25 -430 513.4 678.4
1000 181.5 -435 518.4 683.4
995 180.75 -440 523.4 688.4
990 180 -445 528.4 693.4
985 179.25 -450 533.4 698.4
980 178.5 -455 538.4 703.4
975 177.75 -460 543.4 708.4
970 177 -465 548.4 713.4
965 176.25 -470 553.4 718.4
960 175.5 -475 558.4 723.4
955 174.75 -480 563.4 728.4
950 174 -485 568.4 733.4
945 173.25 -490 573.4 738.4
940 172.5 -495 578.4 743.4
935 171.75 -500 583.4 748.4
930 171 -505 588.4 753.4
925 170.25 -510 593.4 758.4
920 169.5 -515 598.4 763.4
915 168.75 -520 603.4 768.4
910 168 -525 608.4 773.4
905 167.25 -530 613.4 778.4
900 166.5 -535 618.4 783.4
895 165.75 -540 623.4 788.4
890 165 -545 628.4 793.4
885 164.25 -550 633.4 798.4
880 163.5 -555 638.4 803.4
875 162.75 -560 643.4 808.4
870 162 -565 648.4 813.4
865 161.25 -570 653.4 818.4
860 160.5 -575 658.4 823.4
855 159.75 -580 663.4 828.4
850 159 -585 668.4 833.4
845 158.25 -590 673.4 838.4
840 157.5 -595 678.4 843.4
835 156.75 -600 683.4 848.4
830 156 -605 688.4 853.4
825 155.25 -610 693.4 858.4
820 154.5 -615 698.4 863.4
815 153.75 -620 703.4 868.4
810 153 -625 708.4 873.4
805 152.25 -630 713.4 878.4
800 151.5 -635 718.4 883.4
795 150.75 -640 723.4 888.4
790 150 -645 728.4 893.4
785 149.25 -650 733.4 898.4
780 148.5 -655 738.4 903.4
775 147.75 -660 743.4 908.4
770 147 -665 748.4 913.4
765 146.25 -670 753.4 918.4
760 145.5 -675 758.4 923.4
755 144.75 -680 763.4 928.4
750 144 -685 768.4 933.4
745 143.25 -690 773.4 938.4
740 142.5 -695 778.4 943.4
735 141.75 -700 783.4 948.4
730 141 -705 788.4 953.4
725 140.25 -710 793.4 958.4
720 139.5 -715 798.4 963.4
715 138.75 -720 803.4 968.4
710 138 -725 808.4 973.4
705 137.25 -730 813.4 978.4
700 136.5 -735 818.4 983.4
695 135.75 -740 823.4 988.4
690 135 -745 828.4 993.4
685 134.25 -750 833.4 998.4
680 133.5 -755 838.4 1003.4
675 132.75 -760 843.4 1008.4
670 132 -765 848.4 1013.4
665 131.25 -770 853.4 1018.4
660 130.5 -775 858.4 1023.4
655 129.75 -780 863.4 1028.4
650 129 -785 868.4 1033.4
645 128.25 -790 873.4 1038.4
640 127.5 -795 878.4 1043.4
635 126.75 -800 883.4 1048.4
630 126 -805 888.4 1053.4
625 125.25 -810 893.4 1058.4
620 124.5 -815 898.4 1063.4
615 123.75 -820 903.4 1068.4
610 123 -825 908.4 1073.4
605 122.25 -830 913.4 1078.4
600 121.5 -835 918.4 1083.4
595 120.75 -840 923.4 1088.4
590 120 -845 928.4 1093.4
585 119.25 -850 933.4 1098.4
580 118.5 -855 938.4 1103.4
575 117.75 -860 943.4 1108.4
570 117 -865 948.4 1113.4
565 116.25 -870 953.4 1118.4
560 115.5 -875 958.4 1123.4
555 114.75 -880 963.4 1128.4
550 114 -885 968.4 1133.4
545 113.25 -890 973.4 1138.4
540 112.5 -895 978.4 1143.4
535 111.75 -900 983.4 1148.4
530 111 -905 988.4 1153.4
525 110.25 -910 993.4 1158.4
520 109.5 -915 998.4 1163.4
515 108.75 -920 1003.4 1168.4
510 108 -925 1008.4 1173.4
505 107.25 -930 1013.4 1178.4
500 106.5 -935 1018.4 1183.4
495 105.75 -940 1023.4 1188.4
490 105 -945 1028.4 1193.4
485 104.25 -950 1033.4 1198.4
480 103.5 -955 1038.4 1203.4
475 102.75 -960 1043.4 1208.4
470 102 -965 1048.4 1213.4
465 101.25 -970 1053.4 1218.4
460 100.5 -975 1058.4 1223.4
455 99.75 -980 1063.4 1228.4
450 99 -985 1068.4 1233.4
445 98.25 -990 1073.4 1238.4
440 97.5 -995 1078.4 1243.4
435 96.75 -1000 1083.4 1248.4
430 96 -1005 1088.4 1253.4
425 95.25 -1010 1093.4 1258.4
420 94.5 -1015 1098.4 1263.4
415 93.75 -1020 1103.4 1268.4
410 93 -1025 1108.4 1273.4
405 92.25 -1030 1113.4 1278.4
400 91.5 -1035 1118.4 1283.4
395 90.75 -1040 1123.4 1288.4
390 90 -1045 1128.4 1293.4
385 89.25 -1050 1133.4 1298.4
380 88.5 -1055 1138.4 1303.4
375 87.75 -1060 1143.4 1308.4
370 87 -1065 1148.4 1313.4
365 86.25 -1070 1153.4 1318.4
360 85.5 -1075 1158.4 1323.4
355 84.75 -1080 1163.4 1328.4
350 84 -1085 1168.4 1333.4
345 83.25 -1090 1173.4 1338.4
340 82.5 -1095 1178.4 1343.4
335 81.75 -1100 1183.4 1348.4
330 81 -1105 1188.4 1353.4
325 80.25 -1110 1193.4 1358.4
320 79.5 -1115 1198.4 1363.4
315 78.75 -1120 1203.4 1368.4
310 78 -1125 1208.4 1373.4
305 77.25 -1130 1213.4 1378.4
300 76.5 -1135 1218.4 1383.4
295 75.75 -1140 1223.4 1388.4
290 75 -1145 1228.4 1393.4
285 74.25 -1150 1233.4 1398.4
280 73.5 -1155 1238.4 1403.4
275 72.75 -1160 1243.4 1408.4
270 72 -1165 1248.4 1413.4
265 71.25 -1170 1253.4 1418.4
260 70.5 -1175 1258.4 1423.4
255 69.75 -1180 1263.4 1428.4
250 69 -1185 1268.4 1433.4
245 68.25 -1190 1273.4 1438.4
240 67.5 -1195 1278.4 1443.4
235 66.75 -1200 1283.4 1448.4
230 66 -1205 1288.4 1453.4
225 65.25 -1210 1293.4 1458.4
220 64.5 -1215 1298.4 1463.4
215 63.75 -1220 1303.4 1468.4
210 63 -1225 1308.4 1473.4
205 62.25 -1230 1313.4 1478.4
200 61.5 -1235 1318.4 1483.4
195 60.75 -1240 1323.4 1488.4
190 60 -1245 1328.4 1493.4
185 59.25 -1250 1333.4 1498.4
180 58.5 -1255 1338.4 1503.4
175 57.75 -1260 1343.4 1508.4
170 57 -1265 1348.4 1513.4
165 56.25 -1270 1353.4 1518.4
160 55.5 -1275 1358.4 1523.4
155 54.75 -1280 1363.4 1528.4
150 54 -1285 1368.4 1533.4
145 53.25 -1290 1373.4 1538.4
140 52.5 -1295 1378.4 1543.4
135 51.75 -1300 1383.4 1548.4
130 51 -1305 1388.4 1553.4
125 50.25 -1310 1393.4 1558.4
120 49.5 -1315 1398.4 1563.4
115 48.75 -1320 1403.4 1568.4
110 48 -1325 1408.4 1573.4
105 47.25 -1330 1413.4 1578.4
100 46.5 -1335 1418.4 1583.4
95 45.75 -1340 1423.4 1588.4
90 45 -1345 1428.4 1593.4
85 44.25 -1350 1433.4 1598.4
80 43.5 -1355 1438.4 1603.4
75 42.75 -1360 1443.4 1608.4
70 42 -1365 1448.4 1613.4
65 41.25 -1370 1453.4 1618.4
60 40.5 -1375 1458.4 1623.4
55 39.75 -1380 1463.4 1628.4
50 39 -1385 1468.4 1633.4
45 38.25 -1390 1473.4 1638.4
40 37.5 -1395 1478.4 1643.4
35 36.75 -1400 1483.4 1648.4
30 36 -1405 1488.4 1653.4
25 35.25 -1410 1493.4 1658.4
20 34.5 -1415 1498.4 1663.4
15 33.75 -1420 1503.4 1668.4
10 33 -1425 1508.4 1673.4
5 32.25 -1430 1513.4 1678.4
0 31.5 -1435 1518.4 1683.4
