1270 302 -1.65 -248.4 -413.4
1269 301.92 -2.65 -249.4 -414.4
1268 301.839 -3.65 -250.4 -415.4
1267 301.759 -4.65 -251.4 -416.4
1266 301.679 -5.65 -252.4 -417.4
1265 301.598 -6.65 -253.4 -418.4
1264 301.518 -7.65 -254.4 -419.4
1263 301.438 -8.65 -255.4 -420.4
1262 301.357 -9.65 -256.4 -421.4
1261 301.277 -10.65 -257.4 -422.4
1260 301.197 -11.65 -258.4 -423.4
1259 301.117 -12.65 -259.4 -424.4
1258 301.036 -13.65 -260.4 -425.4
1257 300.956 -14.65 -261.4 -426.4
1256 300.876 -15.65 -262.4 -427.4
1255 300.795 -16.65 -263.4 -428.4
1254 300.715 -17.65 -264.4 -429.4
1253 300.635 -18.65 -265.4 -430.4
1252 300.554 -19.65 -266.4 -431.4
1251 300.474 -20.65 -267.4 -432.4
1250 300.394 -21.65 -268.4 -433.4
1249 300.313 -22.65 -269.4 -434.4
1248 300.233 -23.65 -270.4 -435.4
1247 300.153 -24.65 -271.4 -436.4
1246 300.072 -25.65 -272.4 -437.4
1245 299.992 -26.65 -273.4 -438.4
1244 299.912 -27.65 -274.4 -439.4
1243 299.831 -28.65 -275.4 -440.4
1242 299.751 -29.65 -276.4 -441.4
1241 299.671 -30.65 -277.4 -442.4
1240 299.591 -31.65 -278.4 -443.4
1239 299.51 -32.65 -279.4 -444.4
1238 299.43 -33.65 -280.4 -445.4
1237 299.35 -34.65 -281.4 -446.4
1236 299.269 -35.65 -282.4 -447.4
1235 299.189 -36.65 -283.4 -448.4
1234 299.109 -37.65 -284.4 -449.4
1233 299.028 -38.65 -285.4 -450.4
1232 298.948 -39.65 -286.4 -451.4
1231 298.868 -40.65 -287.4 -452.4
1230 298.787 -41.65 -288.4 -453.4
1229 298.707 -42.65 -289.4 -454.4
1228 298.627 -43.65 -290.4 -455.4
1227 298.546 -44.65 -291.4 -456.4
1226 298.466 -45.65 -292.4 -457.4
1225 298.386 -46.65 -293.4 -458.4
1224 298.306 -47.65 -294.4 -459.4
1223 298.225 -48.65 -295.4 -460.4
1222 298.145 -49.65 -296.4 -461.4
1221 298.065 -50.65 -297.4 -462.4
1220 297.984 -51.65 -298.4 -463.4
1219 297.904 -52.65 -299.4 -464.4
1218 297.824 -53.65 -300.4 -465.4
1217 297.743 -54.65 -301.4 -466.4
1216 297.663 -55.65 -302.4 -467.4
1215 297.583 -56.65 -303.4 -468.4
1214 297.502 -57.65 -304.4 -469.4
1213 297.422 -58.65 -305.4 -470.4
1212 297.342 -59.65 -306.4 -471.4
1211 297.261 -60.65 -307.4 -472.4
1210 297.181 -61.65 -308.4 -473.4
1209 297.101 -62.65 -309.4 -474.4
1208 297.02 -63.65 -310.4 -475.4
1207 296.94 -64.65 -311.4 -476.4
1206 296.86 -65.65 -312.4 -477.4
1205 296.78 -66.65 -313.4 -478.4
1204 296.699 -67.65 -314.4 -479.4
1203 296.619 -68.65 -315.4 -480.4
1202 296.539 -69.65 -316.4 -481.4
1201 296.458 -70.65 -317.4 -482.4
1200 296.378 -71.65 -318.4 -483.4
1199 296.298 -72.65 -319.4 -484.4
1198 296.217 -73.65 -320.4 -485.4
1197 296.137 -74.65 -321.4 -486.4
1196 296.057 -75.65 -322.4 -487.4
1195 295.976 -76.65 -323.4 -488.4
1194 295.896 -77.65 -324.4 -489.4
1193 295.816 -78.65 -325.4 -490.4
1192 295.735 -79.65 -326.4 -491.4
1191 295.655 -80.65 -327.4 -492.4
1190 295.575 -81.65 -328.4 -493.4
1189 295.494 -82.65 -329.4 -494.4
1188 295.414 -83.65 -330.4 -495.4
1187 295.334 -84.65 -331.4 -496.4
1186 295.254 -85.65 -332.4 -497.4
1185 295.173 -86.65 -333.4 -498.4
1184 295.093 -87.65 -334.4 -499.4
1183 295.013 -88.65 -335.4 -500.4
1182 294.932 -89.65 -336.4 -501.4
1181 294.852 -90.65 -337.4 -502.4
1180 294.772 -91.65 -338.4 -503.4
1179 294.691 -92.65 -339.4 -504.4
1178 294.611 -93.65 -340.4 -505.4
1177 294.531 -94.65 -341.4 -506.4
1176 294.45 -95.65 -342.4 -507.4
1175 294.37 -96.65 -343.4 -508.4
1174 294.29 -97.65 -344.4 -509.4
1173 294.209 -98.65 -345.4 -510.4
1172 294.129 -99.65 -346.4 -511.4
1171 294.049 -100.65 -347.4 -512.4
1170 293.969 -101.65 -348.4 -513.4
1169 293.888 -102.65 -349.4 -514.4
1168 293.808 -103.65 -350.4 -515.4
1167 293.728 -104.65 -351.4 -516.4
1166 293.647 -105.65 -352.4 -517.4
1165 293.567 -106.65 -353.4 -518.4
1164 293.487 -107.65 -354.4 -519.4
1163 293.406 -108.65 -355.4 -520.4
1162 293.326 -109.65 -356.4 -521.4
1161 293.246 -110.65 -357.4 -522.4
1160 293.165 -111.65 -358.4 -523.4
1159 293.085 -112.65 -359.4 -524.4
1158 293.005 -113.65 -360.4 -525.4
1157 292.924 -114.65 -361.4 -526.4
1156 292.844 -115.65 -362.4 -527.4
1155 292.764 -116.65 -363.4 -528.4
1154 292.683 -117.65 -364.4 -529.4
1153 292.603 -118.65 -365.4 -530.4
1152 292.523 -119.65 -366.4 -531.4
1151 292.443 -120.65 -367.4 -532.4
1150 292.362 -121.65 -368.4 -533.4
1149 292.282 -122.65 -369.4 -534.4
1148 292.202 -123.65 -370.4 -535.4
1147 292.121 -124.65 -371.4 -536.4
1146 292.041 -125.65 -372.4 -537.4
1145 291.961 -126.65 -373.4 -538.4
1144 291.88 -127.65 -374.4 -539.4
1143 291.8 -128.65 -375.4 -540.4
1142 291.72 -129.65 -376.4 -541.4
1141 291.639 -130.65 -377.4 -542.4
1140 291.559 -131.65 -378.4 -543.4
1139 291.479 -132.65 -379.4 -544.4
1138 291.398 -133.65 -380.4 -545.4
1137 291.318 -134.65 -381.4 -546.4
1136 291.238 -135.65 -382.4 -547.4
1135 291.157 -136.65 -383.4 -548.4
1134 291.077 -137.65 -384.4 -549.4
1133 290.997 -138.65 -385.4 -550.4
1132 290.917 -139.65 -386.4 -551.4
1131 290.836 -140.65 -387.4 -552.4
1130 290.756 -141.65 -388.4 -553.4
1129 290.676 -142.65 -389.4 -554.4
1128 290.595 -143.65 -390.4 -555.4
1127 290.515 -144.65 -391.4 -556.4
1126 290.435 -145.65 -392.4 -557.4
1125 290.354 -146.65 -393.4 -558.4
1124 290.274 -147.65 -394.4 -559.4
1123 290.194 -148.65 -395.4 -560.4
1122 290.113 -149.65 -396.4 -561.4
1121 290.033 -150.65 -397.4 -562.4
1120 289.953 -151.65 -398.4 -563.4
1119 289.872 -152.65 -399.4 -564.4
1118 289.792 -153.65 -400.4 -565.4
1117 289.712 -154.65 -401.4 -566.4
1116 289.632 -155.65 -402.4 -567.4
1115 289.551 -156.65 -403.4 -568.4
1114 289.471 -157.65 -404.4 -569.4
1113 289.391 -158.65 -405.4 -570.4
1112 289.31 -159.65 -406.4 -571.4
1111 289.23 -160.65 -407.4 -572.4
1110 289.15 -161.65 -408.4 -573.4
1109 289.069 -162.65 -409.4 -574.4
1108 288.989 -163.65 -410.4 -575.4
1107 288.909 -164.65 -411.4 -576.4
1106 288.828 -165.65 -412.4 -577.4
1105 288.748 -166.65 -413.4 -578.4
1104 288.668 -167.65 -414.4 -579.4
1103 288.587 -168.65 -415.4 -580.4
1102 288.507 -169.65 -416.4 -581.4
1101 288.427 -170.65 -417.4 -582.4
1100 288.346 -171.65 -418.4 -583.4
1099 288.266 -172.65 -419.4 -584.4
1098 288.186 -173.65 -420.4 -585.4
1097 288.105 -174.65 -421.4 -586.4
1096 288.025 -175.65 -422.4 -587.4
1095 287.945 -176.65 -423.4 -588.4
1094 287.865 -177.65 -424.4 -589.4
1093 287.784 -178.65 -425.4 -590.4
1092 287.704 -179.65 -426.4 -591.4
1091 287.624 -180.65 -427.4 -592.4
1090 287.543 -181.65 -428.4 -593.4
1089 287.463 -182.65 -429.4 -594.4
1088 287.383 -183.65 -430.4 -595.4
1087 287.302 -184.65 -431.4 -596.4
1086 287.222 -185.65 -432.4 -597.4
1085 287.142 -186.65 -433.4 -598.4
1084 287.061 -187.65 -434.4 -599.4
1083 286.981 -188.65 -435.4 -600.4
1082 286.901 -189.65 -436.4 -601.4
1081 286.82 -190.65 -437.4 -602.4
1080 286.74 -191.65 -438.4 -603.4
1079 286.66 -192.65 -439.4 -604.4
1078 286.58 -193.65 -440.4 -605.4
1077 286.499 -194.65 -441.4 -606.4
1076 286.419 -195.65 -442.4 -607.4
1075 286.339 -196.65 -443.4 -608.4
1074 286.258 -197.65 -444.4 -609.4
1073 286.178 -198.65 -445.4 -610.4
1072 286.098 -199.65 -446.4 -611.4
1071 286.017 -200.65 -447.4 -612.4
1070 285.937 -201.65 -448.4 -613.4
1069 285.857 -202.65 -449.4 -614.4
1068 285.776 -203.65 -450.4 -615.4
1067 285.696 -204.65 -451.4 -616.4
1066 285.616 -205.65 -452.4 -617.4
1065 285.535 -206.65 -453.4 -618.4
1064 285.455 -207.65 -454.4 -619.4
1063 285.375 -208.65 -455.4 -620.4
1062 285.294 -209.65 -456.4 -621.4
1061 285.214 -210.65 -457.4 -622.4
1060 285.134 -211.65 -458.4 -623.4
1059 285.054 -212.65 -459.4 -624.4
1058 284.973 -213.65 -460.4 -625.4
1057 284.893 -214.65 -461.4 -626.4
1056 284.813 -215.65 -462.4 -627.4
1055 284.732 -216.65 -463.4 -628.4
1054 284.652 -217.65 -464.4 -629.4
1053 284.572 -218.65 -465.4 -630.4
1052 284.491 -219.65 -466.4 -631.4
1051 284.411 -220.65 -467.4 -632.4
1050 284.331 -221.65 -468.4 -633.4
1049 284.25 -222.65 -469.4 -634.4
1048 284.17 -223.65 -470.4 -635.4
1047 284.09 -224.65 -471.4 -636.4
1046 284.009 -225.65 -472.4 -637.4
1045 283.929 -226.65 -473.4 -638.4
1044 283.849 -227.65 -474.4 -639.4
1043 283.768 -228.65 -475.4 -640.4
1042 283.688 -229.65 -476.4 -641.4
1041 283.608 -230.65 -477.4 -642.4
1040 283.528 -231.65 -478.4 -643.4
1039 283.447 -232.65 -479.4 -644.4
1038 283.367 -233.65 -480.4 -645.4
1037 283.287 -234.65 -481.4 -646.4
1036 283.206 -235.65 -482.4 -647.4
1035 283.126 -236.65 -483.4 -648.4
1034 283.046 -237.65 -484.4 -649.4
1033 282.965 -238.65 -485.4 -650.4
1032 282.885 -239.65 -486.4 -651.4
1031 282.805 -240.65 -487.4 -652.4
1030 282.724 -241.65 -488.4 -653.4
1029 282.644 -242.65 -489.4 -654.4
1028 282.564 -243.65 -490.4 -655.4
1027 282.483 -244.65 -491.4 -656.4
1026 282.403 -245.65 -492.4 -657.4
1025 282.323 -246.65 -493.4 -658.4
1024 282.243 -247.65 -494.4 -659.4
1023 282.162 -248.65 -495.4 -660.4
1022 282.082 -249.65 -496.4 -661.4
1021 282.002 -250.65 -497.4 -662.4
1020 281.921 -251.65 -498.4 -663.4
1019 281.841 -252.65 -499.4 -664.4
1018 281.761 -253.65 -500.4 -665.4
1017 281.68 -254.65 -501.4 -666.4
1016 281.6 -255.65 -502.4 -667.4
1015 281.52 -256.65 -503.4 -668.4
1014 281.439 -257.65 -504.4 -669.4
1013 281.359 -258.65 -505.4 -670.4
1012 281.279 -259.65 -506.4 -671.4
1011 281.198 -260.65 -507.4 -672.4
1010 281.118 -261.65 -508.4 -673.4
1009 281.038 -262.65 -509.4 -674.4
1008 280.957 -263.65 -510.4 -675.4
1007 280.877 -264.65 -511.4 -676.4
1006 280.797 -265.65 -512.4 -677.4
1005 280.717 -266.65 -513.4 -678.4
1004 280.636 -267.65 -514.4 -679.4
1003 280.556 -268.65 -515.4 -680.4
1002 280.476 -269.65 -516.4 -681.4
1001 280.395 -270.65 -517.4 -682.4
1000 280.315 -271.65 -518.4 -683.4
999 280.235 -272.65 -519.4 -684.4
998 280.154 -273.65 -520.4 -685.4
997 280.074 -274.65 -521.4 -686.4
996 279.994 -275.65 -522.4 -687.4
995 279.913 -276.65 -523.4 -688.4
994 279.833 -277.65 -524.4 -689.4
993 279.753 -278.65 -525.4 -690.4
992 279.672 -279.65 -526.4 -691.4
991 279.592 -280.65 -527.4 -692.4
990 279.512 -281.65 -528.4 -693.4
989 279.431 -282.65 -529.4 -694.4
988 279.351 -283.65 -530.4 -695.4
987 279.271 -284.65 -531.4 -696.4
986 279.191 -285.65 -532.4 -697.4
985 279.11 -286.65 -533.4 -698.4
984 279.03 -287.65 -534.4 -699.4
983 278.95 -288.65 -535.4 -700.4
982 278.869 -289.65 -536.4 -701.4
981 278.789 -290.65 -537.4 -702.4
980 278.709 -291.65 -538.4 -703.4
979 278.628 -292.65 -539.4 -704.4
978 278.548 -293.65 -540.4 -705.4
977 278.468 -294.65 -541.4 -706.4
976 278.387 -295.65 -542.4 -707.4
975 278.307 -296.65 -543.4 -708.4
974 278.227 -297.65 -544.4 -709.4
973 278.146 -298.65 -545.4 -710.4
972 278.066 -299.65 -546.4 -711.4
971 277.986 -300.65 -547.4 -712.4
970 277.906 -301.65 -548.4 -713.4
969 277.825 -302.65 -549.4 -714.4
968 277.745 -303.65 -550.4 -715.4
967 277.665 -304.65 -551.4 -716.4
966 277.584 -305.65 -552.4 -717.4
965 277.504 -306.65 -553.4 -718.4
964 277.424 -307.65 -554.4 -719.4
963 277.343 -308.65 -555.4 -720.4
962 277.263 -309.65 -556.4 -721.4
961 277.183 -310.65 -557.4 -722.4
960 277.102 -311.65 -558.4 -723.4
959 277.022 -312.65 -559.4 -724.4
958 276.942 -313.65 -560.4 -725.4
957 276.861 -314.65 -561.4 -726.4
956 276.781 -315.65 -562.4 -727.4
955 276.701 -316.65 -563.4 -728.4
954 276.62 -317.65 -564.4 -729.4
953 276.54 -318.65 -565.4 -730.4
952 276.46 -319.65 -566.4 -731.4
951 276.38 -320.65 -567.4 -732.4
950 276.299 -321.65 -568.4 -733.4
949 276.219 -322.65 -569.4 -734.4
948 276.139 -323.65 -570.4 -735.4
947 276.058 -324.65 -571.4 -736.4
946 275.978 -325.65 -572.4 -737.4
945 275.898 -326.65 -573.4 -738.4
944 275.817 -327.65 -574.4 -739.4
943 275.737 -328.65 -575.4 -740.4
942 275.657 -329.65 -576.4 -741.4
941 275.576 -330.65 -577.4 -742.4
940 275.496 -331.65 -578.4 -743.4
939 275.416 -332.65 -579.4 -744.4
938 275.335 -333.65 -580.4 -745.4
937 275.255 -334.65 -581.4 -746.4
936 275.175 -335.65 -582.4 -747.4
935 275.094 -336.65 -583.4 -748.4
934 275.014 -337.65 -584.4 -749.4
933 274.934 -338.65 -585.4 -750.4
932 274.854 -339.65 -586.4 -751.4
931 274.773 -340.65 -587.4 -752.4
930 274.693 -341.65 -588.4 -753.4
929 274.613 -342.65 -589.4 -754.4
928 274.532 -343.65 -590.4 -755.4
927 274.452 -344.65 -591.4 -756.4
926 274.372 -345.65 -592.4 -757.4
925 274.291 -346.65 -593.4 -758.4
924 274.211 -347.65 -594.4 -759.4
923 274.131 -348.65 -595.4 -760.4
922 274.05 -349.65 -596.4 -761.4
921 273.97 -350.65 -597.4 -762.4
920 273.89 -351.65 -598.4 -763.4
919 273.809 -352.65 -599.4 -764.4
918 273.729 -353.65 -600.4 -765.4
917 273.649 -354.65 -601.4 -766.4
916 273.569 -355.65 -602.4 -767.4
915 273.488 -356.65 -603.4 -768.4
914 273.408 -357.65 -604.4 -769.4
913 273.328 -358.65 -605.4 -770.4
912 273.247 -359.65 -606.4 -771.4
911 273.167 -360.65 -607.4 -772.4
910 273.087 -361.65 -608.4 -773.4
909 273.006 -362.65 -609.4 -774.4
908 272.926 -363.65 -610.4 -775.4
907 272.846 -364.65 -611.4 -776.4
906 272.765 -365.65 -612.4 -777.4
905 272.685 -366.65 -613.4 -778.4
904 272.605 -367.65 -614.4 -779.4
903 272.524 -368.65 -615.4 -780.4
902 272.444 -369.65 -616.4 -781.4
901 272.364 -370.65 -617.4 -782.4
900 272.283 -371.65 -618.4 -783.4
899 272.203 -372.65 -619.4 -784.4
898 272.123 -373.65 -620.4 -785.4
897 272.043 -374.65 -621.4 -786.4
896 271.962 -375.65 -622.4 -787.4
895 271.882 -376.65 -623.4 -788.4
894 271.802 -377.65 -624.4 -789.4
893 271.721 -378.65 -625.4 -790.4
892 271.641 -379.65 -626.4 -791.4
891 271.561 -380.65 -627.4 -792.4
890 271.48 -381.65 -628.4 -793.4
889 271.4 -382.65 -629.4 -794.4
888 271.32 -383.65 -630.4 -795.4
887 271.239 -384.65 -631.4 -796.4
886 271.159 -385.65 -632.4 -797.4
885 271.079 -386.65 -633.4 -798.4
884 270.998 -387.65 -634.4 -799.4
883 270.918 -388.65 -635.4 -800.4
882 270.838 -389.65 -636.4 -801.4
881 270.757 -390.65 -637.4 -802.4
880 270.677 -391.65 -638.4 -803.4
879 270.597 -392.65 -639.4 -804.4
878 270.517 -393.65 -640.4 -805.4
877 270.436 -394.65 -641.4 -806.4
876 270.356 -395.65 -642.4 -807.4
875 270.276 -396.65 -643.4 -808.4
874 270.195 -397.65 -644.4 -809.4
873 270.115 -398.65 -645.4 -810.4
872 270.035 -399.65 -646.4 -811.4
871 269.954 -400.65 -647.4 -812.4
921 269.874 -401.65 -648.4 -813.4
921 269.794 -402.65 -649.4 -814.4
921 269.713 -403.65 -650.4 -815.4
921 269.633 -404.65 -651.4 -816.4
921 269.553 -405.65 -652.4 -817.4
921 269.472 -406.65 -653.4 -818.4
921 269.392 -407.65 -654.4 -819.4
921 269.312 -408.65 -655.4 -820.4
922 269.232 -409.65 -656.4 -821.4
922 269.151 -410.65 -657.4 -822.4
922 269.071 -411.65 -658.4 -823.4
922 268.991 -412.65 -659.4 -824.4
922 268.91 -413.65 -660.4 -825.4
922 268.83 -414.65 -661.4 -826.4
922 268.75 -415.65 -662.4 -827.4
922 268.669 -416.65 -663.4 -828.4
923 268.589 -417.65 -664.4 -829.4
923 268.509 -418.65 -665.4 -830.4
923 268.428 -419.65 -666.4 -831.4
923 268.348 -420.65 -667.4 -832.4
923 268.268 -421.65 -668.4 -833.4
923 268.187 -422.65 -669.4 -834.4
923 268.107 -423.65 -670.4 -835.4
923 268.027 -424.65 -671.4 -836.4
924 267.946 -425.65 -672.4 -837.4
924 267.866 -426.65 -673.4 -838.4
924 267.786 -427.65 -674.4 -839.4
924 267.706 -428.65 -675.4 -840.4
924 267.625 -429.65 -676.4 -841.4
924 267.545 -430.65 -677.4 -842.4
924 267.465 -431.65 -678.4 -843.4
924 267.384 -432.65 -679.4 -844.4
925 267.304 -433.65 -680.4 -845.4
925 267.224 -434.65 -681.4 -846.4
925 267.143 -435.65 -682.4 -847.4
925 267.063 -436.65 -683.4 -848.4
925 266.983 -437.65 -684.4 -849.4
925 266.902 -438.65 -685.4 -850.4
925 266.822 -439.65 -686.4 -851.4
925 266.742 -440.65 -687.4 -852.4
926 266.661 -441.65 -688.4 -853.4
926 266.581 -442.65 -689.4 -854.4
926 266.501 -443.65 -690.4 -855.4
926 266.42 -444.65 -691.4 -856.4
926 266.34 -445.65 -692.4 -857.4
926 266.26 -446.65 -693.4 -858.4
926 266.18 -447.65 -694.4 -859.4
926 266.099 -448.65 -695.4 -860.4
927 266.019 -449.65 -696.4 -861.4
927 265.939 -450.65 -697.4 -862.4
927 265.858 -451.65 -698.4 -863.4
927 265.778 -452.65 -699.4 -864.4
927 265.698 -453.65 -700.4 -865.4
927 265.617 -454.65 -701.4 -866.4
927 265.537 -455.65 -702.4 -867.4
927 265.457 -456.65 -703.4 -868.4
928 265.376 -457.65 -704.4 -869.4
928 265.296 -458.65 -705.4 -870.4
928 265.216 -459.65 -706.4 -871.4
928 265.135 -460.65 -707.4 -872.4
928 265.055 -461.65 -708.4 -873.4
928 264.975 -462.65 -709.4 -874.4
928 264.895 -463.65 -710.4 -875.4
928 264.814 -464.65 -711.4 -876.4
929 264.734 -465.65 -712.4 -877.4
929 264.654 -466.65 -713.4 -878.4
929 264.573 -467.65 -714.4 -879.4
929 264.493 -468.65 -715.4 -880.4
929 264.413 -469.65 -716.4 -881.4
929 264.332 -470.65 -717.4 -882.4
929 264.252 -471.65 -718.4 -883.4
929 264.172 -472.65 -719.4 -884.4
930 264.091 -473.65 -720.4 -885.4
930 264.011 -474.65 -721.4 -886.4
930 263.931 -475.65 -722.4 -887.4
930 263.85 -476.65 -723.4 -888.4
930 263.77 -477.65 -724.4 -889.4
930 263.69 -478.65 -725.4 -890.4
930 263.609 -479.65 -726.4 -891.4
930 263.529 -480.65 -727.4 -892.4
931 263.449 -481.65 -728.4 -893.4
931 263.368 -482.65 -729.4 -894.4
931 263.288 -483.65 -730.4 -895.4
931 263.208 -484.65 -731.4 -896.4
931 263.128 -485.65 -732.4 -897.4
931 263.047 -486.65 -733.4 -898.4
931 262.967 -487.65 -734.4 -899.4
931 262.887 -488.65 -735.4 -900.4
932 262.806 -489.65 -736.4 -901.4
932 262.726 -490.65 -737.4 -902.4
932 262.646 -491.65 -738.4 -903.4
932 262.565 -492.65 -739.4 -904.4
932 262.485 -493.65 -740.4 -905.4
932 262.405 -494.65 -741.4 -906.4
932 262.324 -495.65 -742.4 -907.4
932 262.244 -496.65 -743.4 -908.4
933 262.164 -497.65 -744.4 -909.4
933 262.083 -498.65 -745.4 -910.4
933 262.003 -499.65 -746.4 -911.4
933 261.923 -500.65 -747.4 -912.4
933 261.843 -501.65 -748.4 -913.4
933 261.762 -502.65 -749.4 -914.4
933 261.682 -503.65 -750.4 -915.4
933 261.602 -504.65 -751.4 -916.4
934 261.521 -505.65 -752.4 -917.4
934 261.441 -506.65 -753.4 -918.4
934 261.361 -507.65 -754.4 -919.4
934 261.28 -508.65 -755.4 -920.4
934 261.2 -509.65 -756.4 -921.4
934 261.12 -510.65 -757.4 -922.4
934 261.039 -511.65 -758.4 -923.4
934 260.959 -512.65 -759.4 -924.4
935 260.879 -513.65 -760.4 -925.4
935 260.798 -514.65 -761.4 -926.4
935 260.718 -515.65 -762.4 -927.4
935 260.638 -516.65 -763.4 -928.4
935 260.557 -517.65 -764.4 -929.4
935 260.477 -518.65 -765.4 -930.4
935 260.397 -519.65 -766.4 -931.4
935 260.317 -520.65 -767.4 -932.4
936 260.236 -521.65 -768.4 -933.4
936 260.156 -522.65 -769.4 -934.4
936 260.076 -523.65 -770.4 -935.4
936 259.995 -524.65 -771.4 -936.4
936 259.915 -525.65 -772.4 -937.4
936 259.835 -526.65 -773.4 -938.4
936 259.754 -527.65 -774.4 -939.4
936 259.674 -528.65 -775.4 -940.4
937 259.594 -529.65 -776.4 -941.4
937 259.513 -530.65 -777.4 -942.4
937 259.433 -531.65 -778.4 -943.4
937 259.353 -532.65 -779.4 -944.4
937 259.272 -533.65 -780.4 -945.4
937 259.192 -534.65 -781.4 -946.4
937 259.112 -535.65 -782.4 -947.4
937 259.031 -536.65 -783.4 -948.4
938 258.951 -537.65 -784.4 -949.4
938 258.871 -538.65 -785.4 -950.4
938 258.791 -539.65 -786.4 -951.4
938 258.71 -540.65 -787.4 -952.4
938 258.63 -541.65 -788.4 -953.4
938 258.55 -542.65 -789.4 -954.4
938 258.469 -543.65 -790.4 -955.4
938 258.389 -544.65 -791.4 -956.4
939 258.309 -545.65 -792.4 -957.4
939 258.228 -546.65 -793.4 -958.4
939 258.148 -547.65 -794.4 -959.4
939 258.068 -548.65 -795.4 -960.4
939 257.987 -549.65 -796.4 -961.4
939 257.907 -550.65 -797.4 -962.4
939 257.827 -551.65 -798.4 -963.4
939 257.746 -552.65 -799.4 -964.4
940 257.666 -553.65 -800.4 -965.4
940 257.586 -554.65 -801.4 -966.4
940 257.506 -555.65 -802.4 -967.4
940 257.425 -556.65 -803.4 -968.4
940 257.345 -557.65 -804.4 -969.4
940 257.265 -558.65 -805.4 -970.4
940 257.184 -559.65 -806.4 -971.4
940 257.104 -560.65 -807.4 -972.4
941 257.024 -561.65 -808.4 -973.4
941 256.943 -562.65 -809.4 -974.4
941 256.863 -563.65 -810.4 -975.4
941 256.783 -564.65 -811.4 -976.4
941 256.702 -565.65 -812.4 -977.4
941 256.622 -566.65 -813.4 -978.4
941 256.542 -567.65 -814.4 -979.4
941 256.461 -568.65 -815.4 -980.4
942 256.381 -569.65 -816.4 -981.4
942 256.301 -570.65 -817.4 -982.4
942 256.22 -571.65 -818.4 -983.4
942 256.14 -572.65 -819.4 -984.4
942 256.06 -573.65 -820.4 -985.4
942 255.98 -574.65 -821.4 -986.4
942 255.899 -575.65 -822.4 -987.4
942 255.819 -576.65 -823.4 -988.4
943 255.739 -577.65 -824.4 -989.4
943 255.658 -578.65 -825.4 -990.4
943 255.578 -579.65 -826.4 -991.4
943 255.498 -580.65 -827.4 -992.4
943 255.417 -581.65 -828.4 -993.4
943 255.337 -582.65 -829.4 -994.4
943 255.257 -583.65 -830.4 -995.4
943 255.176 -584.65 -831.4 -996.4
944 255.096 -585.65 -832.4 -997.4
944 255.016 -586.65 -833.4 -998.4
944 254.935 -587.65 -834.4 -999.4
944 254.855 -588.65 -835.4 -1000.4
944 254.775 -589.65 -836.4 -1001.4
944 254.694 -590.65 -837.4 -1002.4
944 254.614 -591.65 -838.4 -1003.4
944 254.534 -592.65 -839.4 -1004.4
945 254.454 -593.65 -840.4 -1005.4
945 254.373 -594.65 -841.4 -1006.4
945 254.293 -595.65 -842.4 -1007.4
945 254.213 -596.65 -843.4 -1008.4
945 254.132 -597.65 -844.4 -1009.4
945 254.052 -598.65 -845.4 -1010.4
945 253.972 -599.65 -846.4 -1011.4
945 253.891 -600.65 -847.4 -1012.4
946 253.811 -601.65 -848.4 -1013.4
946 253.731 -602.65 -849.4 -1014.4
946 253.65 -603.65 -850.4 -1015.4
946 253.57 -604.65 -851.4 -1016.4
946 253.49 -605.65 -852.4 -1017.4
946 253.409 -606.65 -853.4 -1018.4
946 253.329 -607.65 -854.4 -1019.4
946 253.249 -608.65 -855.4 -1020.4
947 253.169 -609.65 -856.4 -1021.4
947 253.088 -610.65 -857.4 -1022.4
947 253.008 -611.65 -858.4 -1023.4
947 252.928 -612.65 -859.4 -1024.4
947 252.847 -613.65 -860.4 -1025.4
947 252.767 -614.65 -861.4 -1026.4
947 252.687 -615.65 -862.4 -1027.4
947 252.606 -616.65 -863.4 -1028.4
948 252.526 -617.65 -864.4 -1029.4
948 252.446 -618.65 -865.4 -1030.4
948 252.365 -619.65 -866.4 -1031.4
948 252.285 -620.65 -867.4 -1032.4
948 252.205 -621.65 -868.4 -1033.4
948 252.124 -622.65 -869.4 -1034.4
948 252.044 -623.65 -870.4 -1035.4
948 251.964 -624.65 -871.4 -1036.4
949 251.883 -625.65 -872.4 -1037.4
949 251.803 -626.65 -873.4 -1038.4
949 251.723 -627.65 -874.4 -1039.4
949 251.643 -628.65 -875.4 -1040.4
949 251.562 -629.65 -876.4 -1041.4
949 251.482 -630.65 -877.4 -1042.4
949 251.402 -631.65 -878.4 -1043.4
949 251.321 -632.65 -879.4 -1044.4
950 251.241 -633.65 -880.4 -1045.4
950 251.161 -634.65 -881.4 -1046.4
950 251.08 -635.65 -882.4 -1047.4
950 251 -636.65 -883.4 -1048.4
950 250.92 -637.65 -884.4 -1049.4
950 250.839 -638.65 -885.4 -1050.4
950 250.759 -639.65 -886.4 -1051.4
950 250.679 -640.65 -887.4 -1052.4
951 250.598 -641.65 -888.4 -1053.4
951 250.518 -642.65 -889.4 -1054.4
951 250.438 -643.65 -890.4 -1055.4
951 250.357 -644.65 -891.4 -1056.4
951 250.277 -645.65 -892.4 -1057.4
951 250.197 -646.65 -893.4 -1058.4
951 250.117 -647.65 -894.4 -1059.4
951 250.036 -648.65 -895.4 -1060.4
952 249.956 -649.65 -896.4 -1061.4
952 249.876 -650.65 -897.4 -1062.4
952 249.795 -651.65 -898.4 -1063.4
952 249.715 -652.65 -899.4 -1064.4
952 249.635 -653.65 -900.4 -1065.4
952 249.554 -654.65 -901.4 -1066.4
952 249.474 -655.65 -902.4 -1067.4
952 249.394 -656.65 -903.4 -1068.4
953 249.313 -657.65 -904.4 -1069.4
953 249.233 -658.65 -905.4 -1070.4
953 249.153 -659.65 -906.4 -1071.4
953 249.072 -660.65 -907.4 -1072.4
953 248.992 -661.65 -908.4 -1073.4
953 248.912 -662.65 -909.4 -1074.4
953 248.831 -663.65 -910.4 -1075.4
953 248.751 -664.65 -911.4 -1076.4
954 248.671 -665.65 -912.4 -1077.4
954 248.591 -666.65 -913.4 -1078.4
954 248.51 -667.65 -914.4 -1079.4
954 248.43 -668.65 -915.4 -1080.4
954 248.35 -669.65 -916.4 -1081.4
954 248.269 -670.65 -917.4 -1082.4
954 248.189 -671.65 -918.4 -1083.4
954 248.109 -672.65 -919.4 -1084.4
955 248.028 -673.65 -920.4 -1085.4
955 247.948 -674.65 -921.4 -1086.4
955 247.868 -675.65 -922.4 -1087.4
955 247.787 -676.65 -923.4 -1088.4
955 247.707 -677.65 -924.4 -1089.4
955 247.627 -678.65 -925.4 -1090.4
955 247.546 -679.65 -926.4 -1091.4
955 247.466 -680.65 -927.4 -1092.4
956 247.386 -681.65 -928.4 -1093.4
956 247.306 -682.65 -929.4 -1094.4
956 247.225 -683.65 -930.4 -1095.4
956 247.145 -684.65 -931.4 -1096.4
956 247.065 -685.65 -932.4 -1097.4
956 246.984 -686.65 -933.4 -1098.4
956 246.904 -687.65 -934.4 -1099.4
956 246.824 -688.65 -935.4 -1100.4
957 246.743 -689.65 -936.4 -1101.4
957 246.663 -690.65 -937.4 -1102.4
957 246.583 -691.65 -938.4 -1103.4
957 246.502 -692.65 -939.4 -1104.4
957 246.422 -693.65 -940.4 -1105.4
957 246.342 -694.65 -941.4 -1106.4
957 246.261 -695.65 -942.4 -1107.4
957 246.181 -696.65 -943.4 -1108.4
958 246.101 -697.65 -944.4 -1109.4
958 246.02 -698.65 -945.4 -1110.4
958 245.94 -699.65 -946.4 -1111.4
958 245.86 -700.65 -947.4 -1112.4
958 245.78 -701.65 -948.4 -1113.4
958 245.699 -702.65 -949.4 -1114.4
958 245.619 -703.65 -950.4 -1115.4
958 245.539 -704.65 -951.4 -1116.4
959 245.458 -705.65 -952.4 -1117.4
959 245.378 -706.65 -953.4 -1118.4
959 245.298 -707.65 -954.4 -1119.4
959 245.217 -708.65 -955.4 -1120.4
959 245.137 -709.65 -956.4 -1121.4
959 245.057 -710.65 -957.4 -1122.4
959 244.976 -711.65 -958.4 -1123.4
959 244.896 -712.65 -959.4 -1124.4
960 244.816 -713.65 -960.4 -1125.4
960 244.735 -714.65 -961.4 -1126.4
960 244.655 -715.65 -962.4 -1127.4
960 244.575 -716.65 -963.4 -1128.4
960 244.494 -717.65 -964.4 -1129.4
960 244.414 -718.65 -965.4 -1130.4
960 244.334 -719.65 -966.4 -1131.4
960 244.254 -720.65 -967.4 -1132.4
961 244.173 -721.65 -968.4 -1133.4
961 244.093 -722.65 -969.4 -1134.4
961 244.013 -723.65 -970.4 -1135.4
961 243.932 -724.65 -971.4 -1136.4
961 243.852 -725.65 -972.4 -1137.4
961 243.772 -726.65 -973.4 -1138.4
961 243.691 -727.65 -974.4 -1139.4
961 243.611 -728.65 -975.4 -1140.4
962 243.531 -729.65 -976.4 -1141.4
962 243.45 -730.65 -977.4 -1142.4
962 243.37 -731.65 -978.4 -1143.4
962 243.29 -732.65 -979.4 -1144.4
962 243.209 -733.65 -980.4 -1145.4
962 243.129 -734.65 -981.4 -1146.4
962 243.049 -735.65 -982.4 -1147.4
962 242.969 -736.65 -983.4 -1148.4
963 242.888 -737.65 -984.4 -1149.4
963 242.808 -738.65 -985.4 -1150.4
963 242.728 -739.65 -986.4 -1151.4
963 242.647 -740.65 -987.4 -1152.4
963 242.567 -741.65 -988.4 -1153.4
963 242.487 -742.65 -989.4 -1154.4
963 242.406 -743.65 -990.4 -1155.4
963 242.326 -744.65 -991.4 -1156.4
964 242.246 -745.65 -992.4 -1157.4
964 242.165 -746.65 -993.4 -1158.4
964 242.085 -747.65 -994.4 -1159.4
964 242.005 -748.65 -995.4 -1160.4
964 241.924 -749.65 -996.4 -1161.4
964 241.844 -750.65 -997.4 -1162.4
964 241.764 -751.65 -998.4 -1163.4
964 241.683 -752.65 -999.4 -1164.4
965 241.603 -753.65 -1000.4 -1165.4
965 241.523 -754.65 -1001.4 -1166.4
965 241.443 -755.65 -1002.4 -1167.4
965 241.362 -756.65 -1003.4 -1168.4
965 241.282 -757.65 -1004.4 -1169.4
965 241.202 -758.65 -1005.4 -1170.4
965 241.121 -759.65 -1006.4 -1171.4
965 241.041 -760.65 -1007.4 -1172.4
966 240.961 -761.65 -1008.4 -1173.4
966 240.88 -762.65 -1009.4 -1174.4
966 240.8 -763.65 -1010.4 -1175.4
966 240.72 -764.65 -1011.4 -1176.4
966 240.639 -765.65 -1012.4 -1177.4
966 240.559 -766.65 -1013.4 -1178.4
966 240.479 -767.65 -1014.4 -1179.4
966 240.398 -768.65 -1015.4 -1180.4
967 240.318 -769.65 -1016.4 -1181.4
967 240.238 -770.65 -1017.4 -1182.4
967 240.157 -771.65 -1018.4 -1183.4
967 240.077 -772.65 -1019.4 -1184.4
967 239.997 -773.65 -1020.4 -1185.4
967 239.917 -774.65 -1021.4 -1186.4
967 239.836 -775.65 -1022.4 -1187.4
967 239.756 -776.65 -1023.4 -1188.4
968 239.676 -777.65 -1024.4 -1189.4
968 239.595 -778.65 -1025.4 -1190.4
968 239.515 -779.65 -1026.4 -1191.4
968 239.435 -780.65 -1027.4 -1192.4
968 239.354 -781.65 -1028.4 -1193.4
968 239.274 -782.65 -1029.4 -1194.4
968 239.194 -783.65 -1030.4 -1195.4
968 239.113 -784.65 -1031.4 -1196.4
969 239.033 -785.65 -1032.4 -1197.4
969 238.953 -786.65 -1033.4 -1198.4
969 238.872 -787.65 -1034.4 -1199.4
969 238.792 -788.65 -1035.4 -1200.4
969 238.712 -789.65 -1036.4 -1201.4
969 238.632 -790.65 -1037.4 -1202.4
969 238.551 -791.65 -1038.4 -1203.4
969 238.471 -792.65 -1039.4 -1204.4
970 238.391 -793.65 -1040.4 -1205.4
970 238.31 -794.65 -1041.4 -1206.4
970 238.23 -795.65 -1042.4 -1207.4
970 238.15 -796.65 -1043.4 -1208.4
970 238.069 -797.65 -1044.4 -1209.4
970 237.989 -798.65 -1045.4 -1210.4
970 237.909 -799.65 -1046.4 -1211.4
970 237.828 -800.65 -1047.4 -1212.4
971 237.748 -801.65 -1048.4 -1213.4
971 237.668 -802.65 -1049.4 -1214.4
971 237.587 -803.65 -1050.4 -1215.4
971 237.507 -804.65 -1051.4 -1216.4
971 237.427 -805.65 -1052.4 -1217.4
971 237.346 -806.65 -1053.4 -1218.4
971 237.266 -807.65 -1054.4 -1219.4
971 237.186 -808.65 -1055.4 -1220.4
972 237.106 -809.65 -1056.4 -1221.4
972 237.025 -810.65 -1057.4 -1222.4
972 236.945 -811.65 -1058.4 -1223.4
972 236.865 -812.65 -1059.4 -1224.4
972 236.784 -813.65 -1060.4 -1225.4
972 236.704 -814.65 -1061.4 -1226.4
972 236.624 -815.65 -1062.4 -1227.4
972 236.543 -816.65 -1063.4 -1228.4
973 236.463 -817.65 -1064.4 -1229.4
973 236.383 -818.65 -1065.4 -1230.4
973 236.302 -819.65 -1066.4 -1231.4
973 236.222 -820.65 -1067.4 -1232.4
973 236.142 -821.65 -1068.4 -1233.4
973 236.061 -822.65 -1069.4 -1234.4
973 235.981 -823.65 -1070.4 -1235.4
973 235.901 -824.65 -1071.4 -1236.4
974 235.82 -825.65 -1072.4 -1237.4
974 235.74 -826.65 -1073.4 -1238.4
974 235.66 -827.65 -1074.4 -1239.4
974 235.58 -828.65 -1075.4 -1240.4
974 235.499 -829.65 -1076.4 -1241.4
974 235.419 -830.65 -1077.4 -1242.4
974 235.339 -831.65 -1078.4 -1243.4
974 235.258 -832.65 -1079.4 -1244.4
975 235.178 -833.65 -1080.4 -1245.4
975 235.098 -834.65 -1081.4 -1246.4
975 235.017 -835.65 -1082.4 -1247.4
975 234.937 -836.65 -1083.4 -1248.4
975 234.857 -837.65 -1084.4 -1249.4
975 234.776 -838.65 -1085.4 -1250.4
975 234.696 -839.65 -1086.4 -1251.4
975 234.616 -840.65 -1087.4 -1252.4
976 234.535 -841.65 -1088.4 -1253.4
976 234.455 -842.65 -1089.4 -1254.4
976 234.375 -843.65 -1090.4 -1255.4
976 234.294 -844.65 -1091.4 -1256.4
976 234.214 -845.65 -1092.4 -1257.4
976 234.134 -846.65 -1093.4 -1258.4
976 234.054 -847.65 -1094.4 -1259.4
976 233.973 -848.65 -1095.4 -1260.4
977 233.893 -849.65 -1096.4 -1261.4
977 233.813 -850.65 -1097.4 -1262.4
977 233.732 -851.65 -1098.4 -1263.4
977 233.652 -852.65 -1099.4 -1264.4
977 233.572 -853.65 -1100.4 -1265.4
977 233.491 -854.65 -1101.4 -1266.4
977 233.411 -855.65 -1102.4 -1267.4
977 233.331 -856.65 -1103.4 -1268.4
978 233.25 -857.65 -1104.4 -1269.4
978 233.17 -858.65 -1105.4 -1270.4
978 233.09 -859.65 -1106.4 -1271.4
978 233.009 -860.65 -1107.4 -1272.4
978 232.929 -861.65 -1108.4 -1273.4
978 232.849 -862.65 -1109.4 -1274.4
978 232.768 -863.65 -1110.4 -1275.4
978 232.688 -864.65 -1111.4 -1276.4
979 232.608 -865.65 -1112.4 -1277.4
979 232.528 -866.65 -1113.4 -1278.4
979 232.447 -867.65 -1114.4 -1279.4
979 232.367 -868.65 -1115.4 -1280.4
979 232.287 -869.65 -1116.4 -1281.4
979 232.206 -870.65 -1117.4 -1282.4
979 232.126 -871.65 -1118.4 -1283.4
979 232.046 -872.65 -1119.4 -1284.4
980 231.965 -873.65 -1120.4 -1285.4
980 231.885 -874.65 -1121.4 -1286.4
980 231.805 -875.65 -1122.4 -1287.4
980 231.724 -876.65 -1123.4 -1288.4
980 231.644 -877.65 -1124.4 -1289.4
980 231.564 -878.65 -1125.4 -1290.4
980 231.483 -879.65 -1126.4 -1291.4
980 231.403 -880.65 -1127.4 -1292.4
981 231.323 -881.65 -1128.4 -1293.4
981 231.243 -882.65 -1129.4 -1294.4
981 231.162 -883.65 -1130.4 -1295.4
981 231.082 -884.65 -1131.4 -1296.4
981 231.002 -885.65 -1132.4 -1297.4
981 230.921 -886.65 -1133.4 -1298.4
981 230.841 -887.65 -1134.4 -1299.4
981 230.761 -888.65 -1135.4 -1300.4
982 230.68 -889.65 -1136.4 -1301.4
982 230.6 -890.65 -1137.4 -1302.4
982 230.52 -891.65 -1138.4 -1303.4
982 230.439 -892.65 -1139.4 -1304.4
982 230.359 -893.65 -1140.4 -1305.4
982 230.279 -894.65 -1141.4 -1306.4
982 230.198 -895.65 -1142.4 -1307.4
982 230.118 -896.65 -1143.4 -1308.4
983 230.038 -897.65 -1144.4 -1309.4
983 229.957 -898.65 -1145.4 -1310.4
983 229.877 -899.65 -1146.4 -1311.4
983 229.797 -900.65 -1147.4 -1312.4
983 229.717 -901.65 -1148.4 -1313.4
983 229.636 -902.65 -1149.4 -1314.4
983 229.556 -903.65 -1150.4 -1315.4
983 229.476 -904.65 -1151.4 -1316.4
984 229.395 -905.65 -1152.4 -1317.4
984 229.315 -906.65 -1153.4 -1318.4
984 229.235 -907.65 -1154.4 -1319.4
984 229.154 -908.65 -1155.4 -1320.4
984 229.074 -909.65 -1156.4 -1321.4
984 228.994 -910.65 -1157.4 -1322.4
984 228.913 -911.65 -1158.4 -1323.4
984 228.833 -912.65 -1159.4 -1324.4
985 228.753 -913.65 -1160.4 -1325.4
985 228.672 -914.65 -1161.4 -1326.4
985 228.592 -915.65 -1162.4 -1327.4
985 228.512 -916.65 -1163.4 -1328.4
985 228.431 -917.65 -1164.4 -1329.4
985 228.351 -918.65 -1165.4 -1330.4
985 228.271 -919.65 -1166.4 -1331.4
985 228.191 -920.65 -1167.4 -1332.4
986 228.11 -921.65 -1168.4 -1333.4
986 228.03 -922.65 -1169.4 -1334.4
986 227.95 -923.65 -1170.4 -1335.4
986 227.869 -924.65 -1171.4 -1336.4
986 227.789 -925.65 -1172.4 -1337.4
986 227.709 -926.65 -1173.4 -1338.4
986 227.628 -927.65 -1174.4 -1339.4
986 227.548 -928.65 -1175.4 -1340.4
987 227.468 -929.65 -1176.4 -1341.4
987 227.387 -930.65 -1177.4 -1342.4
987 227.307 -931.65 -1178.4 -1343.4
987 227.227 -932.65 -1179.4 -1344.4
987 227.146 -933.65 -1180.4 -1345.4
987 227.066 -934.65 -1181.4 -1346.4
987 226.986 -935.65 -1182.4 -1347.4
987 226.906 -936.65 -1183.4 -1348.4
988 226.825 -937.65 -1184.4 -1349.4
988 226.745 -938.65 -1185.4 -1350.4
988 226.665 -939.65 -1186.4 -1351.4
988 226.584 -940.65 -1187.4 -1352.4
988 226.504 -941.65 -1188.4 -1353.4
988 226.424 -942.65 -1189.4 -1354.4
988 226.343 -943.65 -1190.4 -1355.4
988 226.263 -944.65 -1191.4 -1356.4
989 226.183 -945.65 -1192.4 -1357.4
989 226.102 -946.65 -1193.4 -1358.4
989 226.022 -947.65 -1194.4 -1359.4
989 225.942 -948.65 -1195.4 -1360.4
989 225.861 -949.65 -1196.4 -1361.4
989 225.781 -950.65 -1197.4 -1362.4
989 225.701 -951.65 -1198.4 -1363.4
989 225.62 -952.65 -1199.4 -1364.4
990 225.54 -953.65 -1200.4 -1365.4
990 225.46 -954.65 -1201.4 -1366.4
990 225.38 -955.65 -1202.4 -1367.4
990 225.299 -956.65 -1203.4 -1368.4
990 225.219 -957.65 -1204.4 -1369.4
990 225.139 -958.65 -1205.4 -1370.4
990 225.058 -959.65 -1206.4 -1371.4
990 224.978 -960.65 -1207.4 -1372.4
991 224.898 -961.65 -1208.4 -1373.4
991 224.817 -962.65 -1209.4 -1374.4
991 224.737 -963.65 -1210.4 -1375.4
991 224.657 -964.65 -1211.4 -1376.4
991 224.576 -965.65 -1212.4 -1377.4
991 224.496 -966.65 -1213.4 -1378.4
991 224.416 -967.65 -1214.4 -1379.4
991 224.335 -968.65 -1215.4 -1380.4
992 224.255 -969.65 -1216.4 -1381.4
992 224.175 -970.65 -1217.4 -1382.4
992 224.094 -971.65 -1218.4 -1383.4
992 224.014 -972.65 -1219.4 -1384.4
992 223.934 -973.65 -1220.4 -1385.4
992 223.854 -974.65 -1221.4 -1386.4
992 223.773 -975.65 -1222.4 -1387.4
992 223.693 -976.65 -1223.4 -1388.4
993 223.613 -977.65 -1224.4 -1389.4
993 223.532 -978.65 -1225.4 -1390.4
993 223.452 -979.65 -1226.4 -1391.4
993 223.372 -980.65 -1227.4 -1392.4
993 223.291 -981.65 -1228.4 -1393.4
993 223.211 -982.65 -1229.4 -1394.4
993 223.131 -983.65 -1230.4 -1395.4
993 223.05 -984.65 -1231.4 -1396.4
994 222.97 -985.65 -1232.4 -1397.4
994 222.89 -986.65 -1233.4 -1398.4
994 222.809 -987.65 -1234.4 -1399.4
994 222.729 -988.65 -1235.4 -1400.4
994 222.649 -989.65 -1236.4 -1401.4
994 222.569 -990.65 -1237.4 -1402.4
994 222.488 -991.65 -1238.4 -1403.4
994 222.408 -992.65 -1239.4 -1404.4
995 222.328 -993.65 -1240.4 -1405.4
995 222.247 -994.65 -1241.4 -1406.4
995 222.167 -995.65 -1242.4 -1407.4
995 222.087 -996.65 -1243.4 -1408.4
995 222.006 -997.65 -1244.4 -1409.4
995 221.926 -998.65 -1245.4 -1410.4
995 221.846 -999.65 -1246.4 -1411.4
995 221.765 -1000.65 -1247.4 -1412.4
